0.0000000e+00
1.0000000e+00
2.0000000e+00
3.0000000e+00
4.0000000e+00
5.0000000e+00
6.0000000e+00
7.0000000e+00
8.0000000e+00
9.0000000e+00
10.0000000e+00
11.0000000e+00
12.0000000e+00
13.0000000e+00
14.0000000e+00
15.0000000e+00
16.0000000e+00
17.0000000e+00
18.0000000e+00
19.0000000e+00
20.0000000e+00
21.0000000e+00
22.0000000e+00
23.0000000e+00
24.0000000e+00
25.0000000e+00
26.0000000e+00
27.0000000e+00
28.0000000e+00
29.0000000e+00
30.0000000e+00
31.0000000e+00
32.0000000e+00
33.0000000e+00
34.0000000e+00
35.0000000e+00
36.0000000e+00
37.0000000e+00
38.0000000e+00
39.0000000e+00
40.0000000e+00
41.0000000e+00
42.0000000e+00
43.0000000e+00
44.0000000e+00
45.0000000e+00
46.0000000e+00
47.0000000e+00
48.0000000e+00
49.0000000e+00
50.0000000e+00
51.0000000e+00
52.0000000e+00
53.0000000e+00
54.0000000e+00
55.0000000e+00
56.0000000e+00
57.0000000e+00
58.0000000e+00
59.0000000e+00
60.0000000e+00
61.0000000e+00
62.0000000e+00
63.0000000e+00
64.0000000e+00
65.0000000e+00
66.0000000e+00
67.0000000e+00
68.0000000e+00